279762.21536693
260401.03139823992
247156.2566518899
273860.2351269199
211171.12705681997
236059.98422169997
229743.17170407998
267626.69203033
215682.06514624998
173991.93069550997
197027.32046652993
152662.5223997599
183497.66225191994
138782.98807685
109002.93748864991
160620.54022019997
131989.00391204
146465.72893405997
119670.70690998997
164765.47944584003
167716.11296373
178996.31606654
136275.85575793998
139814.31999122
108236.25583887998
110497.19557034998
135937.18326196997
184527.43194327
197863.39401454
185193.52868389004
174595.96078634
172765.46999222002
131421.4198222
102443.02302582
90615.98827677003
88984.13431488004
42593.913978360055
3146.49358991002
13322.608735460039
-28428.785620469975
-80753.98598629997
-131913.90972655997
-113616.53510275997
-113313.73005708
-173313.99959979998
-169305.58725453
-178766.43548721998
-183934.1449516
-173645.96053069
-214673.09720747
-219516.84551773002
-209004.65813562
-241889.92418758
-221923.39703857
-186426.15095769998
-191435.36752444998
-193785.58963697002
-207691.76487791003
-177300.23073166
-200759.37784092
-174572.09131222
-213643.45674434002
-195492.96955225998
-148750.98891047
-142111.36365106996
-140997.6571568
-157677.32885953996
-133929.13926685997
-132612.27201369996
-128987.52469209
-175303.69104166
-226038.33993814
-234122.54518946004
-195815.02051389002
-232057.49369412003
-220191.03402448006
-247599.34867424006
-235445.54586417
-288266.33134619007
-275006.18472047005
-265553.6952721601
-299234.8430973901
-323118.50853100006
-310930.16551456007
-290138.27269836
-289353.96975309
-308733.65873119
-304221.83016088
-295462.13273167994
-286090.89933673997
-284814.36682959
-297467.98624513997
-337163.71891104995
-378820.9114936099
-380243.49668843986
-427738.2457090799
-431564.10475076997
-426693.75002202
-441151.50377584004
-428769.73465086
-403879.48105741
-425229.26936693
-433758.9307555699
-434341.30447015
-390585.89041419
-414241.43538073
-391798.07982704
-392247.30068484
-346143.80186535
-322328.49203877
-348737.85841760004
-298316.22728968994
-284792.18433915
-272305.6765012099
-249253.78115086997
-296744.95391921996
-262036.35912022996
-275064.4811956699
-244842.38327258
-264783.50748394994
-308267.48433238995
-294334.42650292
-252638.91342862
-299464.80390322
-299116.64744713996
-285345.93260078
-310307.74444001
-316734.24532775005
-327042.83033076
-289766.17581231
-275194.00533818
-245214.31371254
-240260.12256461
-210386.15925121
-176143.32722948003
-132710.08906415
-108486.13958069004
-60819.77784879002
-114084.50479561
-89759.95566719002
-88559.62012795002
-46778.36966117002
-38325.58706816002
-24533.104238720018
-9427.514759780019
-59338.26253077001
-20816.288925740013
-21733.08831347002
-3043.689213270005
41189.80146451999
85400.89702811
96869.55266525003
98945.38884524001
95875.02018779
102022.40924821
101573.69021493
57206.755414600004
104605.98483552999
95959.46964685999
123686.37234061002
127059.09048595003
140140.32567166002
138849.88968458
93959.62891562004
56714.68706830003
100170.77461544998
103323.37486942997
108095.73076882001
155240.10337179003
133267.57733055
126210.07095137
170613.63101792004
155603.95648010005
133905.60771823005
165590.89171878007
164932.01226595003
133200.76928134
134614.43287607
149936.72982896998
145979.54143336997
98606.65809770997
114783.3091067
143500.82993695
119675.09516731005
72432.73293394003
91138.14320796
97489.7612345
90112.03502033002
76941.7314608
22078.74386527001
24686.301918940022
32916.780165470016
74652.46559934999
113422.02963482
122229.80534268999
134940.76395653997
173707.34091541995
169730.51815225996
188343.49613885
220069.59357339994
230582.29119781993
223355.60763853998
222565.4902
206049.86517086002
202140.68686869997
182881.05367985996
176743.72899993
120692.72610974999
75079.61021908997
77825.18270722998
74095.84997231001
24042.006041019995
3154.052780039985
39165.27633370999
65403.57453189998
94011.94092707001
59928.242439749985
60926.01330584998
87959.60270497
79069.92446236001
120557.02335434
107643.01659356999
83034.33271968
139546.52167518
167371.11799494998
164763.55994126998
203581.28854144
207720.30827504996
215570.94242442996
199332.84114219
180938.86183438002
190763.03549984
180217.60399777
170426.9013969
176160.20215816
185580.94376109002
159573.23455188
105523.44814036998
149150.97184975998
154771.78881619
193535.09177455
157929.66151332
141148.78068637
124607.90975909002
152266.98614868004
197326.36506505002
155990.41541753002
193745.044759
193600.82092114002
196488.44946823004
178421.52101651003
187789.43771120007
191608.92496304004
204650.94326588002
179879.99724790003
194646.29868201003
240242.16997217003
193119.41639442998
175538.90088072
173318.56236307003
169418.64805065002
158114.87917809
153133.10249579
152457.55507720998
163458.97953765996
140102.23126806997
136099.50348367996
92021.10025545998
95568.45375332999
118494.29914274998
114544.27941926995
106043.42340475996
116536.48069923995
125846.87763626997
126746.48042372995
116120.27027246995
131393.24019219997
107463.86205163995
88613.64276866996
78264.76175517996
105315.57273108997
116958.24221587993
70102.97726995997
85830.66646421998
119800.64940349998
74850.83906408
115348.52715813999
122593.60234004
133493.77571054
177909.1786175
154257.98420515002
155703.30395225002
119427.50889025998
117374.36456280999
69295.28130523
82767.57718499999
44127.69243307
40254.97227209
-7495.706003370011
-35008.90106569001
-55220.35181470001
-51394.07612932003
-62443.540510510036
-45346.545415820015
-85591.85274502
-36963.26963439
-33993.20377708001
-29095.96634763001
-30922.351468050034
-58217.36548071004
-24364.692633250044
33998.34995597995
56662.859704679984
25873.97094276001
-20994.49325281001
-29906.64086367003
8605.33040514999
22167.956463229984
-15286.85760161004
-40165.03244177005
-44545.74270672005
-25341.57599502003
409.62258027997814
-20259.011582910043
-61525.80422752001
-58056.303790360034
-39134.78720391003
-78211.87364922001
-119027.88828879005
-84719.42885291006
-116387.06297861003
-118679.39367842003
-113437.96230616004
-100363.96859788003
-148981.18755608003
-195456.24939722003
-174130.56463101003
-113838.14996476003
-98072.65681565007
-81439.23380777007
-108366.60840432002
-114542.42860987002
-145845.83679488004
-143938.66382632006
-186090.35103381998
-189515.15010896002
-190144.6642894401
-226067.18253369007
-259044.87062104006
-279417.1142281201
-274827.6601571801
-272017.3687965201
-273127.59620410006
-268736.41343922
-263937.56724106
-315658.0127157001
-337895.16256077006
-291724.54424134
-294006.62006835005
-311558.81926648004
-339179.57528286
-293112.55265894
-291970.53978204
-242600.96529669006
-234483.13027988002
-206886.30093298003
-226779.21018975007
-175023.4518682501
-217884.2359361701
-203928.13812040002
-186014.42200171002
-231572.45160662002
-258987.79923999
-239814.35359445002
-248507.65343079
-264740.83882781
-267901.99957521993
-305128.01196072996
-292009.92457053
-262075.75667467
-248678.59502105997
-232781.54140227992
-179967.7676129
-189489.56441858
-189303.40242072992
-132367.38377215993
-136958.16983201003
-185539.05184454
-192028.61908471
-222415.59328962993
-200846.91884767
-229471.61438025004
-214833.63799717
-194145.00640201
-180533.82695002
-175879.3675916
-182029.32039984994
-222386.13725880993
-186871.03912231
-188099.34797203002
-219794.40803888004
-237192.55565916005
-182529.61297881007
-168866.23692132003
-147890.04567589998
-183656.36479556002
-207819.13275107002
-199053.18689219
-196774.52810759
-145466.39347733004
-157768.0056829801
-194167.20350503005
-191666.29266944993
-161410.26033369996
-153985.83042306
-161729.35315375996
-187801.9271104
-202064.30766192995
-175894.66654774995
-134735.35881682995
-139687.18439304995
-135381.27567257997
-171193.94511304997
-192308.57283787997
-191206.65394331998
-234979.86481420998
-240524.48609651998
-247872.76291058998
-226940.05409998
-257859.78550049
-204971.6901447499
-258114.38762353995
-235577.43374695003
-235821.39768779
-227383.44501811994
-215324.40411672994
-203370.57638092997
-233239.01685724995
-251590.33715681
-258126.32824424995
-266907.25118517
-213038.96900192002
-199575.76122548996
-209927.09387173998
-211083.65755038004
-207178.25658204005
-186789.32482422
-211352.07686095
-187041.94340119002
-197388.98791513
-222916.79036891
-229020.95297957
-188487.63829898002
-176349.54736251
-154847.10573159996
-130348.51973751996
-115082.97024531997
-155042.49950221996
-114782.94362305998
-112734.40679383997
-76078.07967174998
-127487.74334195
-162047.08074955
-201093.72820185
-199180.39209660998
-250685.45439600997
-236590.55083545
-238046.89658069
-211209.37898789
-262193.42782005994
-251570.89989521995
-210427.61905563998
-183188.11834301
-229677.16600551998
-217606.35027037997
-216640.67705831
-212727.31470520998
-197978.99365622996
-203590.64083985993
-243309.04148779
-279931.808916
-279974.76889794995
-321843.46297510003
-344660.30193494
-388642.06568824
-413883.27128104
-445372.23021679
-435655.94841284
-429997.8110367
-392146.28851846996
-400789.16161857
-370419.85406482994
-359039.30010172003
-360236.5148279101
-334834.7263203701
-367302.4037963801
-330860.37358791
-284116.60540577996
-272380.40448743996
-273994.81427607994
-240295.29712432995
-193815.51049999997
-212961.99980621997
-227509.04915042993
-223192.00003988997
-206197.92237998996
-188118.62317524996
-168237.64267368996
-141977.62750984996
-166916.22455960998
-189905.70691381997
-164763.12367938997
-180823.42124489995
-184893.10626131995
-191492.09312059992
-204507.56532778998
-223437.40274427
-259617.45115545994
-306573.01466617995
-309176.43505418
-347915.29134561995
-363823.70911681995
-363677.68736803
-365188.38049636997
-355839.70945284993
-321983.64281169
-321582.5968891799
-273152.2747203899
-300358.64135108
-311519.94120015
-348019.9029592
-350105.12949431996
-330408.81048638007
-324654.78247091
-328774.35158572
-322867.44994133
-329517.79459321
-344829.71625899005
-345875.44866858004
-348574.94097716
-353347.14368908
-401590.88180936
-398520.56494414
-434157.05030264
-430382.20420850994
-441614.40858151997
-442007.5829382299
-389104.8619705199
-385100.25282218
-402290.2837733099
-365267.23129589
-403282.86081057
-427827.67053507996
-439504.86501058
-428995.03695277
-448378.27915945
-431255.77721796
-413760.82479111996
-411958.37531414995
-411545.65378845995
-400522.9321241
-357046.18047861004
-311767.71954261
-296673.14145588997
-331234.06694961997
-287892.58175793
-286234.69316152
-296043.0855501101
-295261.92181582004
-255026.11616994004
-278554.77928974
-276986.22273603
-283996.85395187
-278398.74355037004
-296572.13877936
-299161.39819358994
-264548.68917676003
-272214.96714802005
-279259.76702164
-279504.95848605
-272014.29152901
-303194.98841826996
-294427.07998518995
-273738.43674137996
-275755.71232836996
-304884.85922372
-261057.85329631998
-266773.46426986996
-246176.07290343993
-253412.84030628996
-273729.13524053
-270876.50055199995
-262620.23752076
-323128.82322410995
-366214.4066393299
-331397.5106998299
-359257.90507298993
-358937.82817342994
-391972.7155937299
-405111.6897915499
-446702.74338666
-448168.28856344
-476303.77383339
-523493.8092975
-522017.02896613994
-543970.73520523
-557311.9164651799
-547194.3417276298
-562034.8531351099
-554769.4434785498
-509091.5722630499
-520377.60273791995
-547459.0094613199
-563921.4288346699
-532208.35075875
-490058.099503
-452996.92315499997
-460029.81457694
-461503.50514632
-475094.42978467
-472933.22658918
-483202.49369881005
-464380.62400718004
-432371.1636807701
-435918.09512797004
-451048.15429184004
-459976.46804394
-446161.6880470901
-441769.63676626
-457716.87758772
-460641.73540133
-458394.36099551
-502981.7110881899
-507033.5852399299
-457975.86745128996
-483885.729847
-488380.12344302
-459073.65224717004
-452808.5308192901
-463665.6620386
-414937.58739102
-419795.27268197
-440139.16352116
-433198.21684325
-394290.14574778
-409383.82677503995
-393931.86035301
-416181.36160655
-439661.25910655997
-385086.4229573899
-388922.9237482999
-368737.38104342995
-374132.65662416996
-404038.10388907994
-452454.36443321
-417329.98253618
-418900.99084119
-430609.25133435
-438937.48341121
-425333.818648
-435780.62724761
-470665.51132153
-482346.73169115995
-478979.38308895996
-432400.8682506799
-428736.21363498
-445503.59781128995
-444641.65542781
-483639.43151117995
-515541.8917471
-463319.34375059
-448849.97103089996
-467415.41092128
-429622.94088763
-411729.61615206
-379979.77344784
-380754.03631441994
-377653.38748339994
-375218.00818014995
-342169.50454739993
-341677.18372378
-321698.52247433
-319808.48210973997
-311041.5814425
-265096.9873135599
-223295.21684913995
-274006.01767837995
-280897.74931965
-269287.17748889
-270731.49358695006
-222799.9339847
-273900.99678578007
-281989.2432711401
-221081.5859924
-159634.62697756002
-194400.83535782
-176677.99130777997
-187619.54080944
-149731.09679562
-96235.70476579
-50635.73700089003
-85006.70933183002
-53347.34156923998
-42424.17956701997
-18928.668021659974
6897.428754740006
-19364.830785299993
-8781.95293938998
24207.12372073001
36395.34503268999
-10234.549444590011
5345.807864730017
37278.42646328001
28983.019400909994
9182.704380379979
-26580.586353230014
-70974.4822315
-22948.414255930024
39020.21206650998
49502.48541030997
99523.69904268997
95478.21128672997
72064.27762176994
73058.87103751993
87193.00067991995
93826.56431641997
92684.55143951997
62526.57457042996
99159.39601490996
107535.93319653
142061.52822664997
185529.26824042996
224711.25154979998
180807.91620818
129670.92151077997
152819.01968515993
158220.09042098996
118104.32595844995
101887.23306405995
106832.82186498995
109606.61389352995
156170.52257083997
177019.58918806998
215262.70092843
218473.35995088998
240984.98353541
208810.34350376998
218436.08887162997
199531.84219263
186537.49343355995
168411.01245980998
136347.33871176993
123937.03068047995
129346.63318841999
146882.4065868
149268.12438241
136895.19836175998
180439.93685788
188103.67421785
146849.6252651
102223.52366175002
136246.46535219002
95620.37459792
81892.14399073
77466.41182052002
74461.83491581
113530.77953552
78177.37231533002
73600.14734577003
72496.19886340003
61978.06726190003
13633.065285710025
18023.96586527003
-24922.608665419983
-67001.19441110999
-47399.20108652999
-97453.70922878
-74937.16324046999
-70976.28899141999
-86647.29578644
-92860.86102060002
-111526.35246469002
-86104.46383977
-82320.56609461
-114779.67546470999
-135307.38358336998
-126457.78527905999
-83954.80240452001
-84816.24296349
-106657.85027211001
-151014.89645979
-89246.5272727
-81743.60807773998
-105661.78801930997
-161527.44998353996
-159058.81618974998
-150200.68126253
-167024.00630932997
-163508.32701821995
-192563.75311728998
-215000.32876805996
-195798.37716714997
-204110.37369950998
-173658.42017667997
-223923.95240936
-205378.00032407997
-154864.97689154994
-194256.06033412
-196995.53168903003
-191218.26729678002
-158062.57793838
-198870.89237255
-211970.1372617
-214954.0155679
-186003.8979008
-190148.20316834998
-184568.5908605
-222702.85704257002
-235070.84476971
-231242.80824117
-284108.46361260006
-258497.30611437
-217656.22073476994
-236950.81696180996
-239571.33350145997
-212154.87585448995
-229598.63109521996
-216424.13691251999
-227853.35112391
-238496.2948522
-247770.92584635
-281183.23782948003
-322989.74941006
-295605.34197878
-289639.90901888
-270898.18058755
-301541.54445586994
-302624.43120958
-312899.91312958
-301282.43914731994
-329892.9584904699
-334131.9149482399
-330448.53339501994
-326477.0747680299
-358828.34289722
-379105.66656307
-358682.79498561996
-347131.40591535997
-344185.98735079996
-355346.49779513996
-373102.7635729599
-330985.70414804
-345670.56478697
-352186.07066767995
-355151.38503824995
-370743.78593232995
-381978.32248845993
-422451.14555047
-422642.02681809
-386744.4349218
-346407.81980616995
-340652.78814167
-295616.3291877301
-280469.60986045003
-320031.72620296996
-332802.83839394
-372116.97447806003
-368701.99266588007
-350405.49692861
-312332.57565399003
-333124.48024309
-282186.23437447
-251351.33527963003
-238407.19104366004
-227480.32239467997
-238568.36325266998
-238368.10611731999
-249875.67577010999
-207357.39527028
-178690.46417102
-175954.59717429004
-139987.77887181
-160355.19735354
-214313.34819492
-220728.14126250998
-231439.22525389996
-242048.65544285998
-222919.51481280001
-238662.56429206996
-215377.14270991
-183336.71369080996
-221487.01217118994
-223293.01794046
-212368.08104532998
-161178.63733008996
-173125.72720005998
-200690.01381787998
-174235.80068617998
-197388.74142486995
-184884.4732243099
-164170.33423823994
-142363.36022561995
-127175.82618056
-148015.50170868
-124886.77026242997
-142417.93075562996
-172966.2803093
-152010.29326262002
-151069.62929611
-173841.26249546997
-186081.89943668002
-181258.87838062004
-163987.92056215994
-132833.94196939995
-145307.92575467998
-120488.59625470001
-71224.08587064
-85255.05635558999
-84205.09870410997
-119244.92612690998
-101527.29703020002
-94229.01619252002
-113811.13187194002
-121947.11707935
-117257.00186899002
-166993.79728678003
-158849.50301653997
-156198.48315638996
-144814.62900456
-137791.44803764
-181760.76917923
-191534.33917612
-187461.14708567
-175542.87016147
-155740.63603451004
-151150.85362369005
-101092.55917363997
-45924.063534700006
-48847.341911320036
-88402.77243932005
-99537.18251932005
-115090.82196978005
-118953.26920357006
-133974.52183542005
-101903.32419964005
-97423.54584502004
-125499.87689163003
-158637.80294223002
-108063.63762347001
-78492.71169528003
-45777.33859589999
-67673.28052166
-27549.087203100018
-30886.68544359001
-7098.327614510006
9639.69485644
20320.656824700003
51238.76931871001
58305.36453522002
81082.84953269002
50748.66673524001
9697.250747310005
-11174.8172676
-20931.041038029998
10155.024845990003
-9647.988936920003
35292.899802410015
67187.86340396
51811.74770819
18031.62042257
10666.08980902001
-31718.389956040002
-71133.51680325
-40863.52306647
-51114.84429686
-90136.49041241001
-64901.598800540014
-56987.99145969001
-103562.44204021001
-141786.70832796
-94070.36109672001
-103095.09952963001
-93662.78383731002
-73300.51586926002
-32109.37154515001
-44979.174645240026
-4544.787526350032
-41570.84754220002
-24103.913295960014
-53637.01213276001
-54869.646070389994
-61153.508373369994
-61653.25926112002
-63329.159466570025
-111850.02727042002
-86929.91014709
-51990.21405185003
-47870.379753030036
-79385.95069202999
-68805.15367634996
-67083.72066068996
-69215.80419828996
-66715.39518722995
-27699.95373646998
-1444.0630347199585
-11759.637765439978
2860.853141280015
-17042.53284505997
-19588.568383479957
-19742.422412729968
-34312.44901929998
9067.852241250028
13863.155581420033
-2231.2910786899774
18673.74439637001
-13979.161459249994
-11726.58247067
35905.09472281001
30192.521215740013
18481.92023383001
57431.80289890002
8106.331294430027
29458.245298570026
43409.66760947004
62129.21443693004
118173.50543084001
95094.47815113004
96717.67452531005
118427.26992965002
146164.38111094
190379.67349144004
197348.4967046801
222454.28320601006
209478.90571514005
210347.30874846005
209507.09726821005
158066.42360221
163165.30668041
189063.92471686003
229191.07517823006
230284.37980662007
250594.65854425
256615.91681110003
254568.77769424004
218716.48810860002
199633.96527230006
224920.95553718
244180.50678178004
221565.82694385998
166142.59556392996
164989.27261005
165833.69256158
121498.05133899998
106462.65730294
71858.67517062
62322.27232250002
67487.86204894003
81302.08486204002
29995.594955220044
-28671.21417881995
-20769.459433509972
1867.5370228200259
-8868.298342689966
12389.398289090026
-13090.531481179987
-28301.034706949984
-17818.293039399985
-21524.402163509985
-24752.542426979984
7834.052240350033
38190.931350680024
64937.329625230006
79113.303604
58607.13105118001
103849.43135917003
121912.14108757002
139200.00351229002
152208.19270188003
198043.12019493003
209988.92434907999
198929.07147715997
163751.9150618
178644.75183619998
218427.26685308997
185813.12244109
184462.02760391997
191189.92178092996
217204.10440593996
215178.41824231995
205582.17198975
206573.49614359005
209127.49707141
208567.35608458
163140.63515881
188809.98582462
215387.0726385
210038.44054993
185142.27925504
226461.24948606998
216197.70963705
219165.04947862
199073.60501557
163246.70542305
151647.12736776005
150149.28992782003
175895.41636668998
185595.17314030998
168369.22869078998
174784.63557943003
182429.75504687
177848.54559911
165893.96049138004
167941.37755822006
196224.89588539003
199722.76431181
208118.01438119003
193993.12520865005
199870.70221545
181792.07502401
227020.22355720005
182579.34308093003
198443.86735840005
202309.04557726003
191212.62212999008
148727.77550845005
133137.89337356007
140640.94758307008
154101.98016156006
96944.42925720004
110797.54919680001
101418.80228470007
133205.78127863008
107961.77474769005
133673.51416767004
153581.94352193005
154426.44185069005
209898.99106484
197557.63774352
201932.54237063002
198619.16524905004
200120.15571900003
192372.53294655003
181208.34396132
206664.77702795004
215825.44200243006
268372.80801465
243897.61085085006
262977.5778602
275577.60179199
280256.26822527
273959.22262798
302468.43195495
303175.26375231
351112.83881718
381864.74046651
363974.06410342
353004.73729699996
294966.52192243
328406.43962491
374533.32304505
355710.08184133004
327849.55245362007
349626.54725429
322345.20019323006
354078.06348095
354798.54522860004
319494.65646844
275690.45365614
297323.12182138
253774.64446152
237915.13568316997
236210.02824363
222508.62866345
220114.23499504002
198570.00722001
234282.58240704
194916.26605609996
152834.08566018002
132970.15207850002
167083.20201912994
143408.46179131998
199578.72057692
192341.36377335
147993.29939006997
182807.98931127996
228379.10131213997
194878.55686371
195941.81170525998
150588.20144025996
145260.02902649998
131490.17372212998
154980.03777438
159828.66159989004
212554.54107826
199102.96888568997
195604.04642033
209682.61520581003
211887.81848459996
217916.66084919998
229592.68020308999
208294.16516799
236409.34640603
279215.24007539
291505.98984666995
300563.19274359004
290469.98734882
235647.6599998
282633.16424601007
279288.67410606
268471.9080755
329519.79551494005
329024.8472378101
299115.5030709001
278008.20389070007
245304.79114167002
262951.39525293
266335.4775507101
268354.81506102
268823.81689527
228696.86957363997
213744.73319140996
231443.29781176
185557.77456531004
211164.44988399002
240202.96725362
243229.04339039003
224133.88745644002
167932.34429206
218920.37760244
196525.44259851007
210529.07482497004
213773.67991446
226236.33968515997
182645.30137028996
174876.25914535997
130019.93396069
119642.15359685001
115687.94865079998
88877.52314584999
76551.47586761
120785.45175193001
81328.88728546
108963.61919024997
60975.695270239994
87234.39109896001
53983.15404069001
61514.352364929975
12437.527625199982
-34087.01572039
-23593.4566014
-6294.545041990023
-1066.331198770018
-118.29241518999333
12501.63703055001
14368.835703489985
1284.8511347899803
9409.509376060012
51488.82377237
70010.68077932
48712.11535431998
49058.85108003
72726.75464908002
42319.206377440016
34128.44610431
33307.01195147998
82103.76619779997
115927.22935576997
161134.73821095997
160182.46370275
207326.58149229002
184385.65610471
196714.14962082
221332.69842099998
199531.78614980998
198338.18982583
153067.74540311
195433.61407920998
194911.94677160995
226235.09323333998
227736.47353127002
247755.87057144998
187663.71304055
169897.30512044003
202122.72525683997
150386.91029822998
140544.36201783002
165856.37061505998
156654.12163105997
210883.85757899
257994.92647313
241388.97215227998
247079.31293158996
216830.89691056992
175696.90079552002
199716.18889161
168828.86403400992
152876.07863555
143485.90491130998
112909.97199366994
62837.81537316994
58415.02757980993
22575.139296409972
5697.276492739982
-43233.929092150036
-45476.50033755003
-39431.03142884003
-28008.985889570016
-73552.08394517002
-76116.18019238004
-64295.27150588004
-79915.41619759
-124357.59900767
-96754.51332230002
-111768.49699267004
-134368.48309341003
-153859.33497628002
-185560.26924381003
-189800.33509974007
-192286.11069646006
-186355.48195532002
-142765.80913013002
-151793.44589179
-153757.81819331
-161430.98426632996
-190714.69310037998
-236455.63501648998
-206937.6379057
-202102.40296962997
-221672.52251470994
-237553.33992062998
-282090.75835804
-321490.22143834
-334447.82525082
-295305.61053546
-292574.3138506499
-287484.28641773993
-285480.33115736995
-325560.42655866
-340370.21561618
-348828.96328191
-360975.19961098
-345456.03531177994
-379322.58070027997
-337997.8096821999
-376350.03561332996
-386716.53571541
-390193.57409005
-343257.45211770997
-322257.30621547997
-298264.94507476
-296218.02983243
-336909.92995047
-319543.83856828994
-358877.46235105005
-380001.16983278
-351791.2637659
-347951.49996049004
-367463.07909756
-386969.297784
-364710.70652152
-345465.02793013
-360046.8637578101
-348040.9731529701
-303048.8669240201
-352092.66957836004
-356812.33981941006
-399972.9473698601
-389521.57765728
-408288.2593186701
-415246.25114289
-426708.35304056003
-440508.1189940601
-480248.70761180006
-426004.2032349801
-416714.56533148006
-377767.27299925004
-371743.67000831
-362549.63214672
-419553.88877381
-465270.34923208
-459668.18979418004
-461866.06875798
-463590.95717397
-497437.80916222004
-449928.7277009399
-481185.60439030995
-498429.3639341501
-524009.46221829
-575632.3043234999
-596118.9618178599
-589785.96781909
-638165.18461333
-644981.2189408201
-610172.5152168202
-609569.9160725501
-582182.39139522
-571251.92809602
-571303.17780262
-547863.7885332699
-498147.5166801201
-480565.70981863
-484212.27561968006
-485109.98868466006
-463953.24206267
-465382.28790733
-467909.06731182
-462689.48167234997
-437567.08065889997
-422288.21340194
-400555.9071973201
-433592.45739546005
-413265.45828440005
-447720.05697903
-427803.72243966
-425130.27536117996
-412351.66738835996
-375302.46415669995
-382364.12236985995
-359919.50295244996
-360284.74836615997
-356618.35237037996
-350294.91324948
-350928.06812191
-333548.67057568004
-299090.7206749
-276172.57526586996
-283742.67049161997
-246640.60516541995
-220533.18082973995
-177613.45064182993
-162148.80993120995
-147996.32997567995
-128446.87564052998
-172203.95755648002
-172160.71962455998
-135970.71871088998
-182748.03264932003
-136357.97955003
-109484.07450313002
-116173.36549979002
-117180.4659669
-87219.82961866
-56751.43980695998
-92805.27341538
-44204.03518826002
-35093.37054405002
3082.3473133999723
-14752.778125720028
-6678.932821630026
-50777.245905610034
-92702.64657164004
-62110.820499120025
-21277.125270790028
-32744.685565880045
-3644.4559226500387
-19931.86902240003
-68031.01532322004
-61058.44850763005
-49001.10757038004
-63867.797825880036
-40178.85672351002
-4602.940183500024
-2986.1338842700297
-56502.689381540025
-5919.924402530025
-51239.15746306003
-35666.066659810014
-56955.93330617001
-14302.50258443002
-53604.453438520024
-20511.09502555001
-33227.89985273
20163.129473069996
-21974.92595707001
-8478.110440099987
-8156.10178669999
-2486.974864730004
-1104.3072160499833
41143.65572012002
65971.80647802001
30275.635244340017
71955.14941463004
92566.72772439003
101778.39644747002
96627.9712253
149135.71709236
148638.88616113
131769.01685272998
162059.23190237
164033.52142567
188054.60614889002
200738.46627486998
200522.47781491
169825.41120491
147709.86866439
100485.88227608996
65634.88763189995
108252.94118565998
87037.59825233996
38808.66691885995
41416.72679704997
60548.75850968998
64719.15633922997
45574.10593630997
28140.365857780016
44486.774804800036
64191.07737507001
69284.22488705002
64265.255390550024
58438.83131518
49510.16112940002
78574.90902713001
67796.87288585003
24119.86410502003
34825.17172970003
62396.02051115001
20868.450574820024
24575.563347960007
-7856.951635639993
-7393.804167729979
-55076.244464669966
-37334.93453794997
3788.2509228700055
-10500.407707269995
-38095.07233326999
-20626.341347739995
-30478.32581872002
-32763.857046060017
-51037.33833466
-66855.35057322998
-53625.985330170035
-41487.70898925001
-57359.04913219001
-41411.492855360004
-38860.042909400014
-38011.01568464002
-25417.32302010001
-66720.6563063
-68067.52461780001
-53691.59932246003
-61988.99633093003
-46235.745049160025
-86828.81912500002
-63516.19982439004
-64197.706068300016
-69704.84455445
-62581.63940571002
-52817.371637930024
-67030.50136313004
-68796.05002563001
-25619.977731190025
-41627.77103817004
-72617.79877352003
-59626.96489082
-57277.24460281001
-58221.68800218002
-55508.100556100006
-40641.09884985001
-23385.626623000015
1811.1233286999814
-42102.819527410014
-87278.50215998002
-55177.549305330016
-33214.312727240016
-58723.49104107999
-50976.142651610004
-70590.63934201004
-45996.99035909002
-46600.09132787
-32251.66410351001
-42531.74241717004
-28063.59465919
-61066.44462976999
-24785.029565090004
-7817.20707862002
-57477.76065203002
-81549.66868873002
-76001.23373245003
-77962.73083539003
-64688.26402602001
-57184.03101506002
-70027.25929818004
-88451.59542975003
-110578.76741889
-98868.59473506
-105297.64237503002
-82425.79678475001
-39113.88680873002
-24351.62877906003
-49611.845944390036
-55290.82257127002
-63906.051719760006
-50341.15263551
-45629.07969582
-19371.470128730034
6426.478303319961
13525.086549219972
-9596.39410846999
10929.663879779997
53770.05583059
13665.22427656001
14847.113390130007
22895.88254723
18285.251071269984
26321.03577282999
-5913.979764029993
-24272.43043779999
-7220.494316149983
-53912.34881209
-63333.187071650005
-46066.04409877999
-96396.16441907
-46070.33094731002
-6735.633562430028
2997.689820819982
-1983.1405837400162
48995.65610879997
46688.895802739964
75350.10895252996
99839.14147105995
135172.30436037996
145661.34429132994
112988.93117388997
128835.19020621997
184475.84851177994
147606.13926511997
132219.51283002997
129071.38906435999
127625.92098693996
97236.18357998997
111305.55293392998
110149.95171337997
146735.36511256994
155476.12349626998
158334.66588624
155419.43518678998
205102.12906666
209348.38799303
209008.81843122002
233830.36432577
192483.0442784
176470.95158192996
182807.17815956994
169160.99786762995
154291.46603284997
140091.52279134
96447.00572786998
58147.00979083998
50389.23365938
101583.40455318001
102035.89043752998
82031.65802014997
70489.99261423
64879.84476891998
45141.029245629965
40724.93812715995
63953.17431394996
68702.11339572998
49370.02835012002
-7975.005177369992
22020.301546709998
81962.28561338999
40097.11137622
42494.74682247
73246.04870686
67034.95964433
61462.24040756002
3126.2081145500197
-40438.76205865
-62841.83325623002
-41513.77584994999
-43335.051872619995
-19993.007592250015
-61631.34447014
-97293.00196962999
-57621.13694050998
-45823.83070677999
-2111.948410370005
-646.4032336
4946.012354969986
-19717.639123100038
-48386.39494900002
-76451.22130949002
-31847.96908797002
-45783.39911987002
-62379.379469450025
-107245.56958041001
-117257.31461046002
-112338.72333979003
-102337.97576438003
-91130.34442369004
-94425.29156474004
-117661.78514067002
-90709.88778317004
-138173.97047572004
-101650.59803429004
-73897.70981148002
-54893.53689108002
-62222.335205470015
-89447.37882142003
-48260.436602640046
-59243.71561112003
-106692.13822230003
-82577.11267437003
-108189.25124126005
-119348.15046292005
-121383.06047841003
-125649.79424093002
-87080.72938828003
-94449.44654468005
-66149.73766165003
-17036.064952760018
-55420.37331655003
-48663.057111340015
-69576.67959920003
-69836.44911872002
-108507.37123835
-125933.51930395002
-168773.91125475997
-197837.04792980998
-186063.18176242002
-239612.89675501004
-202593.82095344004
-239760.77534094
-276966.69412763003
-253225.3362244
-219579.56796888998
-215547.77091651002
-217717.27281061
-181120.50919658
-200896.54490596004
-196643.65514096
-201312.26627418
-191840.25066285004
-182362.57987460002
-217846.24173500002
-272201.78180438
-286150.95181818004
-299208.69604437007
-352006.52014803
-329077.31858884
-322650.72398396005
-281460.52170224005
-303300.2616966601
-293768.00148355006
-256450.34187355
-234487.38452923004
-191250.33144485005
-163866.47967645002
-215290.74938908
-221605.42021590006
-231185.73557113
-195293.46811651
-182786.8971225
-216214.01828780997
-226963.24198658997
-192305.16856268997
-183711.34749734993
-218194.11227162994
-181201.49455186998
-180917.16648743
-212861.45645952004
-191002.72574588002
-167786.11877699997
-184486.48496715998
-141006.31627926003
-122925.49755120998
-64667.12666133995
-21404.459709299965
8553.11463359998
-31222.894856970015
-35910.446438029976
-73392.11381390996
-31388.288303219993
-45501.50326919
-40405.90400591998
-85573.89551352999
-96793.69931828999
-90844.51712426997
-86675.26219365998
-37909.035688169984
-16336.923575459989
16701.358922320018
29772.24152551003
40103.18930720003
31775.156684530004
70966.77809409
88933.09664881002
72220.47031192001
84532.48137889002
37912.91529449003
72609.02985784001
75609.61308538998
37843.137666939976
80044.87135924998
57932.78193014
59720.85575777003
20874.45267486003
34770.620172610026
25546.319635670003
-18991.07154838001
-43057.113849389985
-34136.71124476999
-21519.229320679973
-18805.314646319963
-3799.8795186699917
15868.398290659989
-8181.5232953900095
-8774.360417409987
-45460.08643115998
-57599.90469795
-55441.56750207997
-21008.44489723995
-30310.185418190005
-33121.619677770024
-16168.97066953003
-19807.571081170026
-6592.402714380012
38061.56505370997
39200.95894207999
51913.31821984
92826.40358396
107142.9178961
125610.58578320999
159292.85632237996
130687.22091228
135128.31091209003
88595.68661355997
107694.62132410998
104618.06143618998
81957.51420078
90313.52358240001
104737.18219853002
107116.15231389001
92487.05265444002
87909.82768489001
124158.73709461998
177102.68574464
180834.88754291
202766.32871875
183742.21255398006
131849.46725195006
126895.46787440003
130418.01721286005
131463.62854549004
135035.32708433006
129211.44835887005
100681.66484665003
71572.40478334003
113524.80014660004
127088.48024362003
176367.20684215002
175683.37889787002
187967.79026790004
198700.35380326997
240183.91328572
228962.11328745
213011.29326214
253537.12686754
246443.99758737
269943.06592831004
287810.33941137
277951.94067581
231883.71991227005
240401.14226658002
206744.19103346
231832.18612112
184707.47647564998
150582.05322013
140968.39653213997
171159.97591336002
169613.65208739002
207437.12726605003
182515.23536835006
170181.25135067
134884.30076306002
143494.40136280004
105912.99683549999
72756.20588128001
37386.414158730004
47499.506160549994
69758.14368977
89397.75610885
80425.47872577001
44077.732897540016
61923.099041179994
64767.265781799964
61683.04698587996
74620.09857802998
75099.32294957999
111276.41778495
81975.31590154
104028.20707763001
134074.99021586997
103445.24267854998
72346.59610453997
83522.77571638998
116133.46546203998
89812.08887923
117508.90662396999
159541.60194844
184080.06853308002
214655.45290975997
210894.96173016998
235538.80129289
240532.1891387
207576.81639169
193548.55007608994
174953.43713608
190144.40713046
178276.92563885998
176092.08280429998
176328.69149124998
178398.89478406
203633.25959491005
178856.90835628004
188473.19323176003
191617.21144226004
187890.81951719004
229756.34239140007
213347.13418727007
167665.3659512301
156545.97270780013
145626.45931271007
108872.70385507005
140188.68470271004
131539.88426599003
145337.07727268004
142568.61219400004
140456.18855588007
163359.49072578005
177756.61644987008
172652.90824632006
147020.38112933005
160160.16592200001
162469.54164958003
175421.24673459007
140890.43675114002
128391.50023906997
113839.91905939998
155467.62517410002
159158.80348288998
126085.68811636997
130490.05607478997
98859.48754537999
111518.67952526998
111388.52662955994
134161.76876839
179835.73388293004
142063.50204492
108931.96250226999
66448.56103143
57412.587213239975
29332.117104339985
69644.57270198
70199.25668800999
60288.595622860004
19861.78763239998
-27651.89212814003
-12325.158824769995
-15456.315939890013
-56479.78738584004
-47263.265550070006
-41231.38215198
-43537.13880900004
-43907.17818418007
-54853.37765879004
-11799.885756650008
-20892.195124110003
-20928.83444010003
-16549.56024544003
-27273.608011240027
-45311.43982308004
-8643.980338270037
9801.132999770007
46804.194675960025
50815.84891124
52924.70588646998
92791.59420276998
116333.83246261996
93333.98107439998
48691.438331389974
39076.6672759
16924.936854000032
33164.979094769995
6048.0553316799815
-16012.851623720013
-17133.635421899988
-43590.81132837
-62613.66502603002
-59376.50036489003
-25242.85617255
-42747.83241074
-39275.16846081002
-9550.825113430004
-14664.723631590014
-42282.563033449995
-70927.34898117001
-85251.5599317
-77905.32664301999
-85447.93655803001
-80322.44989437003
-78162.66459623001
-119846.59321056
-162010.92671929998
-190094.03895327
-143811.95112342003
-147474.73062259
-130143.81818430996
-145519.95266845002
-128585.30846567001
-143319.11388143
-142153.86462775
-126459.40064655003
-104301.49851083003
-135752.01599003005
-161168.65130369004
-143728.99922274
-125648.97983237001
-114638.36998442002
-129784.5322522
-89115.78388630004
-95517.55476224006
-84710.32826966007
-108011.48713882004
-95264.99002363003
-75929.97442593004
-48008.82325588
-87725.50092164997
-128055.68337477001
-108149.21376168002
-164805.04992029004
-183521.11766106
-162549.5799556
-220167.38267952
-219230.98371513997
-250319.98655699
-237956.71129603003
-197590.31642266
-197193.78663017
-205886.23059797997
-147042.18094765997
-97085.90944689
-83572.96663638999
-48071.15046859
-95064.61102378003
-69804.24196112002
-117292.48417165998
-156679.07707617
-116364.47989419
-90762.02011515998
-87402.09248457997
-103917.65730941
-94221.34968872002
-117863.75149881998
-147732.44818518998
-137810.30189064
-103888.51451499
-103933.44884404997
-127155.09433007996
-130784.68568396001
-136437.97491674
-107502.52556134996
-92541.58314256997
-96644.38394946
-105965.30082477002
-85122.00265909001
-103945.91587611997
-92937.88794894
-85993.88846463998
-72822.17197136999
-75362.1689049
-102348.3917932
-114374.02987373003
-116567.84881511003
-129377.71748035995
-99831.03313293
-110799.16665052003
-116120.81397479004
-123140.73358862007
-148459.04468460006
-119252.11541560006
-159087.09901350003
-156117.90179068007
-149913.25877206007
-149919.50886313006
-114202.2527642501
-124330.68982970004
-116341.43662377006
-80413.61556497005
-70681.89615186004
-94815.93683934005
-58838.94215984008
-51051.58724570007
-51309.92683588007
-7362.5774733700455
-42864.20209578004
-37809.747173960066
-7964.239426030081
-48989.60120989004
-50088.65410484004
-42285.25401996007
-61634.950470340074
-60192.54427974003
-34294.070456799986
255.85272514997632
-23371.014819150078
37014.97515198993
38738.859918949944
55675.11779981995
63994.74753603994
75862.65530793995
88836.22017549997
90419.43316155997
73547.06527896995
112820.26316659998
124066.27023972997
108879.05433045999
93421.8693881
34351.705397149984
19486.945842409943
30907.50504002995
-14935.986329290045
-54288.93067992007
-17947.97769915004
-34260.70641943003
-40444.547373610025
-73829.90018440002
-71907.85598938003
-47435.49757183001
-42500.701802010044
-12344.127383910045
-40590.90984492
-27484.707888379988
-12407.723595379995
27761.576253080006
22028.662864379992
-5080.987085779998
-820.6111755200072
37738.78324141998
36029.63585797999
17236.67382906002
3173.6739817500165
-5604.569097989983
-55850.96639224
-20498.613944959994
-23383.790740749977
35733.38215001
59534.59316563999
62746.255837130004
18094.716683790008
21415.283212280006
17152.069289740008
23119.977687290015
43741.11020658002
74208.25917257002
72964.56819144002
83435.54299409004
122213.11857922003
124054.80628854001
87830.30340788001
138455.29626975002
77316.09747688002
67477.69734491002
37311.11010148002
79564.77153611001
77819.15586591001
74182.16655842002
110184.90399126001
128522.3725974
106531.80033476002
136298.62854312005
182407.46953384997
158948.71353635998
186794.72857464998
159304.53313007997
159571.23162317998
178940.13665061
129669.55544468999
124140.89955925998
139361.10120806
114318.09874817998
130640.27888039997
160533.58027196
158191.38448713
180798.08120035
142645.81377982
124235.00283602999
149795.93256816
118438.62101564997
109522.11291765998
137900.22835961
93685.53814579
76452.80827354999
78395.52804907002
41813.84431465002
79702.32963159
57930.19323204001
26022.940206270003
56747.23473963001
51960.62912502
64119.56956427
43489.90539140004
60332.119762160044
30855.352907620007
2570.2871411599917
-23086.914084300002
-84152.43595223001
-69658.96815421003
-70731.08556317003
-76723.22773913
-113052.99417528001
-140518.24838095004
-140745.23915270003
-124131.71268481
-168607.36644096003
-139927.07856276009
-124050.66528462002
-119587.52385041001
-75320.95205455001
-71481.26060397003
-118734.50178324003
-90597.73079746001
-49710.416174009995
-76438.35894246004
-44872.75272965002
-64156.133756390016
-72181.36490037001
-65895.85989171002
-71436.31552100003
-81521.53651299002
-66578.01513091002
-54786.7754837
-89221.86323669
-84885.93768034004
-85187.73907698003
-60430.39924440003
-40195.292356870035
-51435.19154039002
-54994.383027860036
-87555.35591235005
-122435.16924644004
-167611.30614665005
-133252.4923422
-112138.97032999001
-138050.99130564003
-135397.51969420997
-149073.36561675998
-142147.73535251003
-127042.45492893003
-69841.63604035
-58525.122073599996
-71135.29986767
-100094.08292481999
-133956.41076162003
-173415.22255586003
-213853.88247351002
-261137.70546268008
-281241.96769384004
-308216.79281041
-268340.21600402
-287978.8479106
-239750.53039817006
-201256.3651432401
-175921.07334061005
-193578.91622635003
-237635.98757827005
-210704.7957350201
-212913.29129373006
-255097.00072957005
-253231.01965933002
-275605.34697724006
-272681.21909804
-272755.26271441
-318014.5180185701
-323820.2420931001
-357141.2462898001
-328948.6864493901
-278251.4235739001
-248192.74290437
-271965.0927490101
-241898.52863432004
-232289.21826518004
-269207.31099383003
-257361.63594968
-267560.61213143
-282269.43896937
-262969.61385142
-267344.1427003
-275363.76906297007
-313864.59877011005
-355261.11200771993
-298721.912756
-331865.66746245004
-364844.85605402
-362004.8361780401
-354286.43881261
-316175.5072189
-262934.59611663
-266652.07564057
-292733.21972725
-324854.17118549
-288532.74051571003
-262234.88366663
-258931.10133007006
-229761.86045238003
-188840.26171408003
-148143.66535636
-161486.25955004
-144771.671632
-150819.64396570998
-113085.56783762998
-128455.52513534002
-123164.92014238001
-122191.05398082998
-77922.70372505003
-100441.73000179003
-118720.23832536004
-144606.61806146003
-164292.06492707002
-176435.53025176004
-132196.52225032
-104847.27167947
-124087.93360011002
-98379.84418958999
-157880.36413471
-148139.41061768
-98053.05183248
-78904.30114874002
-35514.88306352
-27561.24378461
-11998.873770459988
10821.136392340013
3438.1014012300184
-848.13951094
-8349.108779129994
-3761.7781196099713
-21706.306176519967
-21834.739763539976
-37145.83483191998
9007.980507200024
25829.80504406002
48018.18883170001
53943.68099674005
29292.47095875008
54067.88438462003
57988.928663730025
19406.31665837004
24099.612270640042
-16977.889475709977
-34441.487570679994
-18584.993856249952
31369.40609498007
73042.96143995001
106874.31634871
120583.75969554004
112722.64819543003
119090.41279366001
102379.73024260001
117745.01443081001
77500.25022924005
48316.40330911003
21579.581090480002
9865.023617710009
1940.1900905400107
-21440.779303670013
12212.372855699987
-32906.494758479996
-43298.98039532999
-25117.08277818001
-11817.039287460017
1453.176575899999
6561.0932507299985
-10046.53717009001
28983.74339661999
29750.602168640016
53785.30450664001
49531.07779547998
28924.184627199982
-556.8396919099905
44104.707204610015
41480.13611513999
54699.24776919998
42120.856178419985
23535.96768129997
49603.694666199975
88372.22779927001
109113.7591129
120957.55297091
127182.30118269
166143.08530839995
191931.52708779994
155158.89752757997
200053.78384915
236874.06951883
246587.83513182003
204508.58517517
200882.24480381003
153242.03583821002
140867.53935453002
156015.29455353
140890.16687958996
151361.55833230002
151922.20114365
164349.73063891
133867.58017054
104363.23301003997
111259.27390239999
127453.95340320999
94783.91365983
90638.02810848998
68735.51198712995
52965.906479269936
21815.752043229928
16989.805398689918
25150.74817796992
15545.751910699928
-12007.350445710043
-16102.055078280016
-14110.556479360039
4453.238687569941
2760.32684863995
-26205.983663260045
-28864.634325530038
-43786.099416050034
-11760.80140045003
-34094.64478951002
-40283.627058410006
-61269.41676230999
-67360.64107770001
-73913.92788953002
-110245.07375866
-125483.43406304
-77318.17602811998
-37121.62511974999
-55755.79499876
-67140.11864596
-25817.799379169996
-23314.12534155
-32420.280665030004
-19267.008308509994
4508.457498380016
24677.674627120006
15368.601988829996
15930.920343989997
6098.702911880017
8906.784568710013
22777.970299249984
37891.50928358998
63001.286398369986
68216.40250571999
35677.862980509984
-23308.391177630027
-21584.50641067
-33645.92068612
-48579.60439528002
-2012.9415963500123
24543.524990539994
21722.724062179994
30287.291733169994
68303.06902836001
81067.30620264
73628.28713232999
32680.020487429996
23477.089013080003
25285.83970501001
17471.47818017999
3428.8704499799896
-26553.58437769999
-43561.28388772
-33470.69887809001
-39469.33274925002
-32272.20506108997
-15131.799165279972
-30351.383426029992
11881.082430639999
25778.002999340002
41908.71603023001
58120.747158760016
79205.69676388
78925.62627047
70470.86944888002
47929.285056060035
65396.995509780034
63019.45024797
43556.21468003
10262.96336775001
-24943.35641035
-39764.971690290025
-48437.35144324001
-67229.26991027001
-87631.48904375001
-62642.004862019996
-48077.32108931999
-67420.52467289001
-34528.678172200016
-18250.047422640004
-25156.32629866
12623.608696299998
55515.52936248999
53376.91577177
103048.43090367
79268.71543456
85637.58162860997
69814.95844336
90894.42367578001
123100.43694619002
119897.63500214
100569.85753985001
143790.45616244
156247.11072256
132287.86408851002
139679.85395548004
155891.57859689003
113285.78096659001
62207.582768709995
72345.67136867004
101460.65729026003
86017.44934792002
116155.53960995002
135932.17380048003
118075.17703661002
114637.70239481001
93560.48934094998
73651.23773744998
83566.82186838
79050.67779959002
80710.87533040003
90825.30980389002
38021.59131457004
26183.45196514004
32487.624322460037
47447.735293060025
16324.773062030028
-38137.73487515997
-27173.26118143997
-16693.839899669973
-61453.93500694999
-109342.38261138997
-125924.25862450995
-126015.56997793997
-155020.56756084997
-172831.60817368995
-172853.84090143995
-143165.51948199002
-121855.57585481004
-177185.9850008
-138390.32979996
-184281.68962314998
-218398.74349300005
-229797.20497742
-202313.20003506
-158346.06546075002
-150170.58592376998
-180048.72408914
-149117.39902970003
-196205.72913623002
-188800.27969275002
-144910.09247689001
-168626.03725046004
-175717.23232137001
-177364.59741249998
-160494.39234519997
-109238.33095453997
-71130.91268225
-72686.78078479998
-107601.53207413
-66485.02489028001
-34939.20120887
-5000.847978279997
-9725.35315908997
-4417.271894439984
-12967.468766890037
7100.96319390998
18034.733994399998
30408.778493650003
6872.91213582
-51770.88037916001
-55277.88803280999
-108696.55953028
-135736.09921840005
-145676.06557660006
-103408.35159774001
-93896.84305916002
-68860.30242074002
-76102.25678959001
-37627.62550003002
-11713.557206990015
2617.675144129982
51211.41284505997
65814.53321713996
100850.95764727998
103414.10761673999
41690.67275870998
68148.81373129998
15153.206089979984
34719.92687202998
40908.21410961998
6411.115835909979
4076.9911896199956
17510.18625333999
-19376.571706640054
536.3585562799417
-25727.613098430014
37697.06936490001
59764.49115774999
60088.02345763
13798.126106249998
26549.623274199985
22729.13237332998
-12099.578419230018
-9698.891338209996
-8970.88570282
-13659.063018380004
-4494.809025629987
41474.92028300002
24110.527581159997
28853.00601309003
33119.397504510045
9064.683678420017
-21448.70478346999
-30208.402212669982
-24232.72726445997
20511.144945740034
55598.929563870035
10991.126599970044
43219.51976319005
49387.27295338004
41409.75695725002
81175.05730739005
53929.90437510006
28775.31813140003
28515.15738158003
31120.714384600044
31334.621470230024
49350.45731336002
26030.733336950027
23945.50680183003
71882.06373027005
70871.45618914002
58991.96461990001
96859.60160568006
70839.35073276004
42642.366084090005
67818.76455981002
30005.437770830024
73127.35813172003
54761.499796390024
43994.014644460025
57806.12213351004
40228.83519403004
50485.72530323001
14111.883973540018
-1462.0552791999899
-6458.295187049993
-44236.85137655998
18298.376582550052
19831.328408210025
20089.66799839001
64097.389180600025
68322.18478314002
105139.84532906004
83429.01276455002
80240.60464277002
46799.266091380036
44461.15696689005
75531.10453135002
85551.12857830002
109537.59405528002
97255.00858351003
47004.6499476
2910.8567856399895
-32626.362200610005
-30468.76273576999
-57926.01207680997
-63292.59373013998
-46920.22595759
-48956.53368543001
-50547.74924719001
-50470.08784405001
-39458.515100370016
-4773.043947640024
-21567.31734321001
-48067.14178088999
-54963.68449777
-44832.11201334
-41205.18720487997
-38538.478607679965
-86888.57931104
-86523.59250276
-131489.80679553997
-129787.65293181002
-124550.30409671002
-73271.21688804001
-68634.42841043003
-72968.47204666001
-50940.874313509994
-59891.26263656
-22448.807404920015
-36862.65773208002
-45506.81476806999
-46463.73796544
-67494.03381251
-47142.24319519001
-74655.21677834999
-131217.83167607
-126405.20535815002
-75969.09283176
-88742.32090294998
-88122.12852113998
-92862.17399014998
-74753.69234926997
-50989.660098079985
-41279.160683259994
-2778.3309761199926
-48230.37745534999
-18191.326633019995
-70072.21872407002
-18990.908912110026
-10018.835952560008
-3466.3289152300003
647.1810320899704
-28410.730319050042
-73472.02822330003
-60935.82677291002
-13978.80534552004
-19989.710911320046
-45707.808183560046
-44107.86764288002
-54584.693066310036
-10630.544231330048
-15015.490220910026
12054.85332374998
6451.507783919977
48691.16294104999
35538.40495001998
11715.102362129976
49691.51560938997
2000.1501453599813
43988.15318824
-603.8363946300124
-10528.97768664002
1648.0089740099793
28142.839758950002
26914.340653980013
56111.437213670004
58697.766188630005
67030.26610064002
108337.95975544001
83222.25603232
114703.11456411
114466.50587715997
166465.04393108998
174725.44603033006
228352.6332239
223617.54366516002
161740.22869615
139444.10837078004
121320.56998682
94439.14613432997
48843.16284764001
48089.614031660014
98416.97114990003
87162.54312957003
108457.14837816
136930.71178613
114316.35131982999
94501.7830107
71420.72172367001
91983.61903828001
144483.73822003
161380.33079424
184164.41212444002
163307.27363469003
171781.04454273998
175864.88133395996
182181.70778916
197122.19582157
199273.55237016003
227667.16562558003
245683.76590331
217636.17873636002
187558.21328293998
224589.87094609998
205266.21950083
188697.23496007998
179279.91157118004
126267.24613613002
154812.15696632996
114362.51364379996
150492.41277259
106197.03276958002
101907.04445734
54795.86853599
11444.989303640015
12243.132454430008
-42553.58231073004
-24087.207677000028
-66407.96062423
-62812.80373967001
-70101.15955321999
-80721.14686675998
-59647.38921322997
-103097.95660371
-91710.18241333001
-50043.51116547
-91176.19842814004
-119667.79646317006
-119774.41157075002
-157205.45226005
-149637.78693921
-110999.13026702
-130802.86490391001
-150811.56060601
-185724.29255958
-144022.82065996004
-128522.29855510002
-73217.21496255997
-75356.79925135
-102241.06608543999
-121180.78119415998
-89341.35457901002
-62731.32178013003
-50531.38153776
-58581.359205069995
-67544.27899981
-51814.61545844001
-39447.40315761998
-15736.009126429988
-9356.703945279995
-35433.384747239994
-12472.63836388999
-34234.89924157999
2064.3637619099936
-18848.01854288001
3419.8379931300187
55355.26544567002
46951.038535490006
62474.87594418001
50057.68951335999
60510.755623069985
33074.04389643999
36121.534628550005
44608.14221163001
8.847764769991045
-40658.16830149001
-34422.956788740004
-82840.53526567001
-103221.32446391002
-52567.77464132001
-62275.95247431
-58267.54012904
-102670.48710852
-84947.59333120001
-86550.8141198
-70867.48684949001
-64699.25497134002
-83576.56973136001
-51555.651653910005
-17088.528906610012
-15566.197361400009
-33251.61680754
-35944.04078617002
-70843.55403908003
-81298.61751392
-109832.20789654
-103826.36833194
-137433.81492407
-148534.48391038
-151017.29968387994
-200529.08787601
-162453.74707277
-142256.31591704
-167747.37202761995
-126517.75402426996
-173468.61717213
-220773.60480037
-236403.29020165998
-250002.96128770997
-227596.08266356998
-262949.16806244996
-241012.86340334
-209453.52902152998
-217433.33438251
-189827.05435764
-179044.47472015998
-179545.56796103995
-156410.99570842998
-171409.29320932002
-134344.23400907998
-162526.70264692
-162875.41271975002
-193081.2909223
-147126.89630671998
-121052.71837993998
-97329.68636951
-100282.63650561002
-89481.01122734
-44703.0360771
-90725.34328288001
-45076.24933562999
-43895.45132876998
-59720.58830958999
-13213.743832150001
-47947.679405970004
-34106.98802195999
-42654.46310829998
-55335.24729133998
-43417.94731262997
-11455.330051129957
12747.61294436003
-13268.621233379974
-18920.50778447998
-8244.347923559997
759.6323162600038
-40552.13467672999
-47988.249389499986
-101543.16656945998
-159104.35936114
-166792.1638121
-137065.64180624
-195442.90178155003
-193879.57423092
-160519.31106707
-152769.62932285998
-161891.55955728
-163917.74754540002
-183735.65451969
-196950.01340322
-234570.48101047002
-231952.05438147997
-231602.43069123
-224063.9646893
-235478.24441189997
-224899.31827740997
-276571.80784051
-280394.43904194003
-251739.53886793004
-265300.74547371
-266329.38647027995
-226503.56239675998
-211288.84647007997
-181006.51291917998
-197013.99951403996
-150241.58422104997
-126513.98569068998
-177536.70765629
-153836.39982755
-144376.65970285996
-176354.25098838998
-217719.04720097999
-216338.92016359002
-173843.72635443
-175344.71682439
-228271.78768387003
-197979.53881677004
-156788.97469441005
-142941.72600393003
-148968.69681899005
-158833.70410343006
-110057.84434855006
-94919.72798373002
-146601.2971852
-125483.54791334005
-121574.48160771003
-79574.79019570004
-47589.12269584006
-42256.965803870036
-68416.29117260003
-108118.39691215006
-62795.406814960064
-117736.05581363004
-133224.18146705005
-91015.81068870006
-101022.27364536008
-78775.73799962008
-17052.30314159006
-439.99721589004
-5929.318814940038
-6960.411562800033
-17011.76268825005
-8650.018355850072
-54598.90841374006
-45348.21023001005
-43931.583860500046
-66548.08106035006
-55464.69017531004
-63663.74479317002
-36076.25001090004
-56447.13838034005
-35021.70799774004
-34382.87213144002
-792.409806600037
-8572.497043050058
2063.6229109799388
26436.14255114994
74729.01169885995
30487.663942669944
-20698.249562000037
-7159.92595734003
-25835.117379410047
6913.160401869962
23040.09877933997
-6652.221055900036
20349.13812432994
25214.115513309946
80679.53986665996
129865.01415893997
110702.65717126
77283.98376886999
80793.64887543
78990.70382134
74125.85648329997
54011.37712180997
32161.191999339975
83046.52538351995
49437.01569643997
109392.6497134
154880.53131378
149983.43313422
147956.32366628997
177301.96018348998
169562.39394365
179411.2945629
133284.81914367998
126629.65360179998
123537.00594986996
129715.61249398996
150862.21919126998
164775.0054365
177327.79647539995
155873.13075283996
151512.92091599994
155242.26641688996
123090.87596564996
127466.21323898996
99087.05474412999
39341.34333458998
45620.39254420996
19754.80321816993
13895.296853099975
37710.95447628998
30465.930418279953
40271.33700836996
-8339.399453600006
3707.4306257999833
31611.704620739984
22536.768064769974
8749.583535229984
38361.17639498
58091.47431443999
29348.725989689985
-24538.635891280013
-37074.65550421004
16442.744088679985
5795.806683220011
686.6876391299993
-12027.357778009995
-24299.038222139992
-28408.95647079
-53860.354700110016
-56446.18185055
-39602.216391769995
-57739.27824209001
-81987.76681376001
-99446.91633641001
-111840.2607224
-68576.03790691003
-6778.9261239500265
39598.197760489995
-5720.807858490021
-1663.2400654500307
-19138.94272430002
-14545.704913160023
-17536.846661700016
-31150.60391128001
-91495.64403156
-64580.64643543
-60410.02601514
-62523.45330229
-20697.435743680006
-27076.973891869995
-21954.153773619997
-12012.432092049992
-49108.29158184999
-25425.056886759983
-48268.347681009975
-1365.5258504899866
-10653.369410069998
7110.462730210007
16059.686307940008
24523.875753109995
16300.52648419
13559.806493300006
1565.0665305700077
-22862.29311825
-45227.49040788999
-4873.529177969995
23916.915506270005
71747.88951331
33327.79998526997
36641.47038465999
38000.368343339986
20048.655949599986
-18474.91611215002
-25477.00161829
-79100.94820564004
-82741.02113987005
-76631.92152585
-77642.52906698
-74453.09912324003
-60483.57891725001
-18980.484072819996
-34742.77563627
9524.929859559954
7090.652039309967
787.9528200400018
-40996.34493970001
-86606.82227229004
-45900.51005259003
-62569.49457982002
-78625.52916734005
-76356.96330674006
-89894.19937170006
-83433.58032255004
-101593.01838586002
-143480.96362761
-124922.33174032
-179798.72723866004
-155916.52608766005
-180379.40583989007
-181273.42145707004
-181087.97901733007
-201838.0651210901
-149450.48637149006
-157916.07352902004
-117690.09279010003
-109838.39551564006
-117236.99804831002
-116442.27193993001
-149754.08590406
-150963.26583776998
-162470.33071448002
-146631.48485714005
-154550.57177916003
-177990.43973649005
-163830.50363508004
-134348.00834832003
-154556.00214205004
-170952.31463847004
-159174.32830998002
-165159.11523206002
-151779.84950543006
-164409.19740647005
-181784.78267534001
-204442.46496423005
-201553.18261326008
-191571.58954582008
-184472.56705161007
-179080.60945492005
-148885.20926572004
-190788.84820815
-158879.41842951003
-145556.26154457004
-113540.31755031005
-93802.54760098002
-80869.78948236
-96164.79690527002
-124550.22372976007
-165980.37029987006
-151816.45255329003
-144425.48438975003
-129299.00019439001
-176653.56047026
-220310.05962403
-206798.18607383
-192025.91521883
-196144.58844579
-176117.24546721004
-179090.55616607997
-215744.83479915996
-216348.43759245996
-216104.10979319998
-224101.29053961003
-195562.67312202
-186300.31610572
-191082.24990099002
-242583.11292808002
-278170.95208235004
-284600.86338748
-271036.95021697
-257114.87568021
-252316.11693971002
-261180.24776638005
-252832.52799086997
-276532.00437143
-286022.41388222
-277375.1888785
-294436.06065001007
-305428.3718585101
-257906.16952482003
-281507.94330538006
-323886.96010725
-308852.2471649199
-264621.78487319
-263925.00837589
-211430.67041165
-255508.24999402993
-297174.92124189006
-268530.15769674006
-312605.09515405004
-312562.63699662
-343072.27277001
-318090.92016182997
-347659.39985214995
-335833.71003017
-303440.60039761
-300223.99575343
-300623.06732882
-333943.5157441
-319949.41330683
-286272.44033357
-286161.52020453
-287561.87267161
-248173.30541999
-204453.34573762998
-161778.50950098
-183169.34928731003
-177534.70236740002
-154359.46372733
-146941.10346693
-129712.70046254
-114296.51035397999
-98417.782628
-102890.01904048001
-99597.91230709001
-111958.82273032
-89803.53767752001
-66047.74096908004
-59929.351773370014
-43759.14184467
-97145.55330166998
-95254.46809710999
-145728.1814386
-102045.08789832
-101377.09162082
-97252.43514821
-132986.36049092005
-114176.40242752004
-107346.08627429002
-133280.18796184004
-143183.44019381003
-158745.20263431003
-150965.48220782005
-169986.97324882002
-126022.69073654004
-157250.80169350008
-166120.76541137008
-186419.17890603002
-195630.44860216003
-207059.88658162
-205098.64429211002
-199316.47511347005
-200243.78590887005
-236700.95123766005
-273595.17415913
-264451.78728593
-254911.30970300006
-275251.2343433701
-275326.87641646
-249322.71559074003
-238360.77765751004
-273759.99692169
-273913.87703268
-231835.29128699002
-246584.96260427005
-261288.93872490004
-291661.73033465
-306195.34875231003
-298329.53817314
-256636.19890016003
-240942.48798989996
-247215.28214482995
-256164.01666400005
-300394.4789557301
-313764.07564329
-339160.07127895
-331813.68836979003
-325479.64953105
-303022.87710057
-306515.11632534
-331350.4095608
-327732.39715346997
-327320.93759161996
-379659.8753654
-319410.13107674994
-291884.51899469
-355616.96167999
-333287.01519293006
-334472.99170081003
-347269.4050249
-364774.91457632
-321545.44062035996
-296033.32266828994
-314664.22456919
-325267.30967185
-370707.18229038996
-361051.85673753
-359038.56562874
-333024.76079973
-322790.40136908006
-315432.9005846
-282100.3271493
-267954.71712259005
-222941.24819699
-268778.15783951007
-253935.13164341004
-260101.38560745007
-258368.85362337003
-253774.13704222004
-221782.44565558006
-223693.42666616006
-185231.26229011
-226469.63655556
-239527.17709220003
-236396.49738125
-229603.73588286003
-224211.95744321
-203741.29038788
-264943.0579383
-222251.09578272
-225542.69300777002
-223880.13130186
-246693.45822407
-268705.89082543
-256093.1968404
-281491.95684972
-268221.73062214995
-255245.75758960994
-262600.33701525
-243081.64835158002
-244658.51268433002
-267496.2868889
-259529.33519855002
-254895.10126981995
-274301.61207597
-272599.45821223996
-239699.84093126995
-258940.15494884996
-274572.30743563
-231298.05374040996
-181440.91476896996
-141091.95498841998
-161782.34741465998
-152381.46454998
-180058.46296034998
-140533.00538482
-100709.3075621
-97538.91755585
-120790.42551865999
-161166.77277597997
-164543.41095987
-204620.19071970996
-220237.93121699998
-212441.27278995997
-166768.69618881997
-174187.69647053996
-213936.25404468997
-214152.13547743997
-219667.73375848992
-201934.12047015995
-177490.73749699997
-145355.68042422997
-137805.06933012
-171228.05951479
-139763.31673434
-91090.38869535999
-58998.75507113996
-53000.64782244998
-107513.19304551002
-155375.22883487004
-172811.76010276994
-143741.276089
-149069.26849957
-130465.01254034
-151845.634528
-100767.44552909
-56097.256928879986
-37595.12849641999
-79207.08026849998
-78249.48800937999
-33519.089313269964
-84933.30372584998
-91087.2410123
-72941.21754255997
-87273.12318504996
-112605.32075964996
-64993.98099238999
-71805.47839655001
-77420.76778727998
-109460.31423430999
-113364.00191637
-144714.59672754002
-140365.3046843
-134045.94564515
-159406.12064705003
-165617.50851289002
-138516.14393919997
-97900.26179100998
-138778.63051256
-145696.13429110998
-187488.15539277994
-176634.01665700995
-212430.43110195996
-224508.42945249996
-195589.08113605
-221905.31500181998
-186820.66524649004
-158545.91627857005
-117502.97670352002
-172455.59090971
-171449.51226456
-183062.93064391002
-155823.56929971
-186969.71115167002
-207328.78466805004
-207294.63428966003
-220255.69952488004
-223599.05713648006
-191818.59297429005
-238031.64080117003
-208645.92909001998
-268206.4760098
-252445.52808964
-258561.66075862
-253861.40267200003
-220797.31721658004
-239508.35669226004
-244476.63377873003
-227595.23168407002
-265078.46518116
-219183.73330421004
-201042.4601496
-168339.44219789
-160566.79127297003
-146346.38478965007
-187718.55593784008
-183462.16450579002
-162049.69187516998
-176131.98062318997
-211670.70434901002
-229101.36553941004
-269458.59307968005
-277180.62768860004
-267538.70157357
-252288.71255456
-284262.83321839
-290071.46716387
-305547.08337055
-315633.11751927005
-263035.42578846
-259546.46976316994
-234504.15593457993
-180340.30901144995
-149080.96608338
-202322.7960915
-245484.49898399998
-212924.92381185998
-221018.98987264995
-189606.22662101995
-251144.49698929
-274574.42164307996
-305324.86537573
-312291.24040467996
-276023.58165487
-276606.04294565006
-277675.05715832
-287581.54337148997
-330697.68251488
-284486.40394894
-236883.7113988
-231455.00734674
-236246.77741262
-238466.75040408995
-211252.12521262994
-199024.35102818997
-207792.54906561997
-207058.41736767997
-195620.41411533998
-184095.17156396998
-191087.86598099998
-204153.12066061998
-154993.49180069997
-144504.39173108002
-162160.03227198997
-195152.52597451996
-180801.53026371
-189024.88861306
-211640.93805747002
-221299.36963965
-217610.40092187002
-176004.2394598
-194999.09966197
-197752.60605652
-197922.34570309002
-209974.12261233004
-165987.34335991
-213076.51399505005
-249935.23203449
-220844.17880479
-200306.71267423
-204164.03253088996
-228198.2921956
-228932.06984954
-236076.08982869002
-242144.30660545002
-232899.73246651003
-278127.07268806006
-260922.55008642
-317683.62538019
-262777.67780271
-290910.84137231
-334786.17553464
-313114.59747693
-315558.2445399
-339541.79785699997
-336457.89665276
-308526.91289194004
-292229.26828664006
-305134.9594717201
-264557.84428057005
-291493.4627663201
-262082.48509056002
-270927.15970729
-235021.52164897003
-213267.9242149
-259078.77965334005
-250401.89296933002
-226519.91495889003
-187440.63708914001
-162805.37299132007
-178893.86082611003
-140629.34920280002
-148668.9084456
-169680.97071468
-147654.58991589
-107144.86297568999
-111207.15555191999
-96051.39482567001
-102564.78710936001
-102643.26719472
-87562.43828886
-86347.29952983001
-46522.22829656001
-35190.72331019
-77064.55039644001
-72415.76166132002
-63740.72824747003
-30362.385467920023
-5776.408158960017
-27049.31723521003
5167.237938399969
-4992.018867620025
-34628.38261099003
-28056.87068616004
-13520.154592000035
39036.82933541997
9803.24124025998
25351.043676349967
3502.6472658399725
51440.147520469975
45077.86177513996
79054.91304435996
103037.87696073997
102218.89455920996
60078.353758479985
12831.118961409997
30024.618516459996
42931.81683649997
20674.59474923001
18066.534871040003
14418.172330699997
-8020.50654649
-37727.71600610002
-64680.957999950006
-42637.87584681999
-43243.42856690001
-87113.17545250001
-91359.20013376001
-103884.21386791002
-130835.20139999002
-153533.68815462
-154253.50580986
-169511.82776223
-166546.51339166
-176948.58472103003
-159952.19044292002
-153755.02008169002
-145321.41870020007
-129379.90587332
-89662.46248917008
-88477.38388120006
-75960.77715667001
-109415.87268556004
-107187.23179584007
-54983.396687090026
-83581.97039226002
-37949.986030980035
-21646.838039600043
-37160.809788030034
-2845.231626590001
47248.78606661
46836.06454092996
64621.81550281996
64848.565510889995
26614.94163480001
12481.355007869977
53329.01586686997
50762.35882338999
96893.56013739998
89377.38645208998
128973.11667610997
170495.46128852997
121185.45031122999
166104.60814731993
164152.67728587997
171491.37760639
161167.4706763
154971.89274302
166340.38115644004
159540.59274404
186820.97260839
158370.28595413
175452.81425626998
158807.83672217999
179015.69282096
167277.0310709
132868.04496033
118458.08256120994
104478.98089233993
66720.93432988996
55935.48986440996
-1637.0915000300301
-27638.88815065004
-22100.23349602005
-7365.460883550055
6118.533073299939
25607.451805709945
37149.25149791996
62153.44028431997
63394.442873639964
30318.38809387996
38431.26793440996
30689.739001839964
38597.95734853997
60755.745388689975
69785.90587885997
27594.115490069977
-19123.76087443002
-29203.340005270016
-24699.099655900005
-45963.827437039996
-43819.03114647
-44731.27316681001
-52006.560515619996
-56559.399141099995
-75387.46050656
-29065.525705449996
302.0909436399961
646.818933649989
3632.860558419994
-9319.169293109997
-4902.437100240011
-14941.870575050012
-27743.51038830001
-26654.664809269998
17627.380379740003
-4984.368900380018
-1476.8119838700168
21362.783817980002
22161.540789829993
34986.09811009996
73632.20146440998
112051.12010619
154432.18282884
173551.76998334998
132896.62518247
165350.49517891003
183909.04969410002
176759.51534286002
205692.72723208
243180.85525780002
194894.92416411004
207826.08394455005
227670.51461192002
252066.66469221006
246862.97834857003
213460.94849159004
232297.05858731008
228503.02220123005
229908.57758966
219279.80369057003
248185.21859333004
282227.91327289003
299018.06962541
278042.32105328003
309104.85187575006
287425.76832824
304053.19660829
324622.31676063
306870.26970613
285643.9463074
281243.13525673
254815.54504869002
234386.47187019003
237425.45396672998
274223.21870662994
283523.35169043
268565.28447022
254565.29856768003
227293.87780883
223302.9276912
193570.92683815004
244087.64157753004
243247.43009729002
287823.64760225004
271915.43892185006
300823.78794941003
293206.33212879003
267395.82982248
236721.66143497004
204561.45524493002
214038.10421123003
173546.52695835
137722.66851785
74358.01302917002
118958.62669262002
171102.52228439006
175692.80651973005
174630.80645511005
176924.55788530005
182201.94957886002
204595.47767147
205430.34414745
182422.81005842003
165529.80176385003
115452.37483079001
75717.89193229002
69226.60220687
84843.58533223
115317.78975574
143851.60139252
171510.04211466003
123759.98049327004
114514.59509112003
104960.89100518003
116640.14243467001
160692.75547121002
202267.61354113003
206488.06705445002
171706.32735996004
159516.33539044
131753.31337814996
155506.58481520994
147168.74273195
138259.48425725003
129048.08979861005
97496.97395824
53072.514436640005
92469.33410807002
46125.02732932001
90277.08434591997
62275.45689701
89191.62052861002
92331.63229597002
92609.50585152002
56369.57456636
35591.52446961
70192.10244400999
75307.0319831
31807.39376948998
-7937.535653659985
-18183.66790028998
-32399.81195542997
-70059.72750698996
-132213.5183192
-77650.59982066996
-73032.77904425995
-125859.45891194997
-94232.02936850998
-109214.18692842996
-108072.17405152998
-58985.53605920999
-55370.38965149997
-51614.90108653998
-55162.08661319997
-69433.23601498996
-52351.901001679995
-79633.00105166
-81593.49450557
-98708.22694486001
-79019.83970703001
-119122.05087592002
-145493.99889825002
-150027.55837179002
-146443.36047178003
-146723.43096520004
-124750.40309945004
-116705.19023465998
-164722.90287431
-165645.74203854
-188204.68586143
-160337.94908237003
-101071.51243428003
-76812.08967602001
-80522.63471295
-108624.46340169002
-164988.44146718003
-169261.19437787004
-185553.21106532004
-208515.68054936
-250346.05976672
-260631.89321614997
-305921.17031981
-336916.90831445996
-345894.57211774006
-358085.00854049
-390050.08535564
-419862.1927381101
-398625.55794781
-364022.66335518996
-375279.98345686996
-341148.04842763
-286242.96451531
-227575.57874652
-221399.75854098005
-221097.95714434003
-249516.79598866004
-252631.67636834003
-241591.24546525
-230563.5995635
-217205.68755954
-191468.59459877003
-151851.2686046
-169056.95043812998
-182217.65296522997
-143275.00152552995
-111530.18468465997
-129107.84327917999
-113824.42527985
-126718.56562426002
-154768.99080348003
-191539.00125664
-191017.33394903998
-212748.24795472
-225786.67234130998
-271882.59203236
-259845.97054695996
-286075.97851151
-261079.18841269996
-237796.46982827
-190535.97490890004
-161540.17675753002
-168878.92463492003
-158582.8686482
-139267.2289776
-125214.34207278996
-100718.42379573999
-65825.52320853001
-52718.805484180004
-31602.816499309985
-66088.48974793
-39276.609893309986
-48068.88355234998
-31574.400025729963
-27243.75503398998
-32520.232672479986
-22676.542776929982
-51281.202525329994
-55793.03109563999
-55054.91491949999
-63923.80017809999
-51318.184230959996
-42196.69316135
-39185.35397046
4710.792070719997
-22547.34554781
-52860.17818957999
-51628.841072330004
-83249.68759881001
-99276.87042694
-140041.66769542
-159541.60216821003
-151998.99225319002
-132282.68740763
-120647.66836014
-131655.91604505
-102177.62554403002
-69587.94100255998
-67626.94572413
-64247.952445569994
-77484.60849651
-66970.46137322
-26985.802450069983
-20216.63420548997
-45621.84092705997
-46463.056056339985
-53281.86266629999
-51943.753568449974
10101.091461840038
-11605.324203219981
10822.014829700023
-1594.4374370799815
-38677.80804844997
-80451.16013371001
-59927.98999146001
-72066.02980404
-59180.06056271
-75340.55389545001
-92176.71021030999
-39731.29105334
-9359.209814809996
29494.88070754
49341.62950827999
85488.29454961
101859.93533294
113549.27851481001
125060.55893116002
155817.68450779002
165481.84335056
125048.54377137
136062.73929557
134765.84265864998
90417.86585157
71011.74755381
110567.57048373001
83235.72126788001
74078.39495857002
87943.68324544003
72859.23526902004
102186.79512207005
63546.69557602
55618.998504639996
-848.710389429998
31718.884241179996
22893.87669876001
35099.28670790003
24796.428965490028
36811.56655874003
-18561.412741219978
-32097.344183449983
-16097.279187739972
-1920.074733829977
20230.59245017002
10462.488653050023
33426.27747221003
49115.30273200001
-4925.9484589199965
35160.52296756
-8226.616004849991
-38553.799875619996
-73024.98191136001
-89536.03318011
-83171.67146171001
-96666.60266318002
-102893.86400218002
-143929.84378328003
-145933.79904365004
-140456.87746303002
-193912.80493056
-197572.20317129002
-161293.68135959
-184957.63690275
-215356.53678565
-221629.25127954004
-218496.64889517002
-172671.92448269
-151946.0082675
-156937.26857873
-152172.55741903998
-128094.12006320995
-124213.05917223002
-113260.36939268002
-128844.41138383001
-101437.89704038
-139613.33694785
-112956.50238718004
-116602.16131435
-84463.92383966997
-71456.35755156001
-34131.84451218
2064.399424199999
-15717.024669849989
-14359.632184719985
-20979.379917489987
6058.207897420045
2547.0198783600354
-47039.16469034999
-38128.29996229001
-78917.73058593001
-67407.03103967001
-106819.37154830001
-118285.54193337
-115211.85841563997
-164642.87715754998
-176213.9212701401
-219337.80192840003
-242810.88234489004
-276117.95379054
-324043.05876536
-295794.7204409
-290872.21398883004
-284599.49949493003
-303737.61541083007
-248699.40662906002
-269929.40856867004
-234486.06468368004
-198394.17447737
-156264.68766211998
-148439.32382551004
-155458.02205671003
-193129.28626817997
-239029.38756974
-263169.18517292
-261164.22626351
-306576.01012655994
-328845.60921425995
-323877.46229725
-348367.22346640006
-347058.01015190006
-336786.20243099006
-317178.91817758
-340220.74546189996
-302562.2780126
-330734.22671217006
-351204.34512008
-351649.79489146
-305971.48768771
-357247.85925122997
-381586.3642615399
-413192.9715555499
-380984.86341088
-370489.30324122
-317372.43314040994
-342021.16484208
-333128.2117585099
-377531.0509767999
-406827.2583258799
-426589.64408496994
-414478.62482637
-433761.85126902
-444365.46188256
-421769.38662139996
-408517.2965283
-374717.5246831
-393443.96341002
-407702.53591383
-363047.40211027
-374673.16030375997
-330779.20082986995
-331238.29937991
-340050.90149692
-352857.06775075
-401813.15370189
-426657.30950474006
-438643.76894178
-418522.56362790003
-448288.78426262
-440570.04450756003
-410143.15135417995
-375650.01085511997
-383062.15770746995
-364289.78597177996
-351037.60368238995
-356385.0516810899
-366451.20842172
-404621.00507779
-396210.31751778
-395217.55846527003
-400327.03100356006
-427450.9859160001
-395278.50920293
-419984.606191
-442198.81662263005
-491869.41284867004
-435300.08248768
-479326.16263217
-444674.48921615
-444482.05080129
-451267.41985949
-464185.8023287601
-452156.01738359005
-443620.39716964
-426235.47873277
-436750.2669304801
-444964.94941274007
-461389.15606124
-408532.1582775101
-438665.7572674901
-424209.39710922004
-470094.1484963501
-440963.83696214017
-440165.69381135015
-437506.1745146001
-410897.01803402003
-382203.88991379
-325769.65196578
-283092.98687930004
-271861.1401173
-263398.74256064993
-289629.55828704
-326756.09458197
-361308.74322984996
-308429.62471490994
-311427.62117661996
-311518.9325300499
-334715.08026177
-334536.70604550996
-344667.4598477099
-351572.08480132
-371229.60591333004
-347396.66522525
-338882.15926045005
-290420.61715253006
-313357.10724274
-323717.37425505
-303579.57461402996
-347627.17215143994
-346938.50386044
-340166.19535181
-321368.88432364
-315182.24180950003
-329064.48152552
-381273.62161922
-355908.8021577901
-331418.2843506901
-300053.89180873
-334092.20030274
-341155.84551044
-314780.23226299003
-278867.81290514005
-312150.5400438
-365208.76142561005
-368836.61433888006
-334861.83838475996
-321934.63711296
-286521.27232139
-263576.61726903
-270567.01334724005
-243574.65414434005
-232790.39940069002
-221832.98483795003
-217603.54349781002
-239551.89479969002
-279022.86457061005
-241210.38673440003
-183129.21137788004
-189772.83939486006
-188349.75237551006
-190655.50903254005
-155328.03621753005
-119336.05831504008
-96884.23554743004
-53357.197209610014
-29493.32195142001
-31547.26410776004
-13716.926170060045
16768.122408439962
1606.3244796199724
19153.306269019984
-30212.547750520014
-66766.42975985001
-108533.66063335002
-122642.57035289005
-121565.27561454003
-119793.76812671003
-109573.36943445005
-147059.50009505005
-118347.12081022003
-153133.87526987
-139290.6110576
-135282.19871233
-152461.63111723
-119239.02951545002
-81417.48609063003
-115852.61883226002
-103615.89579437
-156707.1890953
-190557.59799130005
-181984.64288024002
-177881.94118539
-229996.57430238
-216158.07562659003
-237263.47883690998
-230128.50002603998
-238965.26945767002
-201273.05679787003
-218283.33756031003
-228164.73486053
-203275.98049322
-162520.42524954004
-127673.10263404004
-71052.01545350003
-77750.89148005004
-87939.73141055003
-108248.97004683003
-117766.11816335004
-115550.60477107001
-95805.82122349001
-71771.60231208004
-32179.323921390012
16855.73485919999
31285.479512849975
-996.6246976800276
-8199.479534260012
23988.31219014999
26351.304632449992
10802.226294939988
14666.81382927999
58222.448154069985
82581.67545496998
103075.51114521996
120608.55595391999
114250.42332063998
116585.20002737
151012.20565579
142396.37930422998
139883.33859784
158139.97816489998
142973.45177943996
141551.36840912994
147816.01103049997
142406.47296221997
188232.92047538998
151058.87712959998
103193.24669000997
99864.49272546996
92692.72564649
115204.20434915002
72415.19215586998
68128.15741945
92946.78268915
133909.79958999003
118938.44554392002
76962.8619762
51798.697459010014
-735.005836949982
-17263.180510719998
-2759.754696790008
-44960.69953418999
-49785.926727079976
-61782.40016106998
-79292.47578907
-77417.76728452
-38604.44543821999
-56302.37818311999
-115173.72773402001
-103384.12784664
-106509.36872970998
-147653.56564210998
-141526.08772761
-123953.47941105999
-139417.11223728998
-173105.68243648
-161858.41149962007
-137099.52193882002
-116578.78721490005
-109327.77138062002
-101343.03809671
-130087.37450759999
-75862.11209641998
-81152.46227594998
-35377.320881700005
6701.993514609998
-31045.82013995998
-20360.149278229976
-39710.61156552
698.2505457099869
-19963.08783391999
12263.972056600016
-2776.5068818599975
-6483.341705020008
2270.142085440022
10496.631618420019
-21193.569088340002
6414.699333389995
25255.217354590008
69974.02802372002
62549.23369849002
83448.29512685
47465.695547500014
76446.28431813003
53464.184093560034
15293.783987020033
22212.169603670034
6073.564703450034
5592.683576480054
-28139.01384188995
7005.627719560027
16200.622963450036
22066.07293246004
18016.77289914003
4223.926945270023
-6699.225976519972
5096.6105676300285
41813.094833840034
23984.53590586003
-1428.1184965999664
-29554.855035659974
-23237.14177303997
-63493.765816319974
-111869.52309340998
-105632.35540647998
-78731.04906374999
-87425.35009370996
-95948.11204531998
-79784.76191193996
-66069.73256645996
-91219.85976078997
-133393.11486962996
-134365.97738214998
-135331.14876969997
-113754.21165015995
-98942.94355148998
-109390.77525114999
-124820.41217024998
-132845.58935732997
-107969.63587535996
-81593.16097480999
-96916.26256018999
-83185.44222988002
-111129.30481564
-79306.71685830998
-82113.56675622
-39244.765625200016
-20892.221369070015
-63995.04938481
-67470.35545981
-47194.58776958999
-25757.868044799983
-24855.41743066998
-50789.61154521
-48387.072596370024
-27959.812656619997
-28925.48586868999
4213.994755199998
4798.230820360015
26413.654385090013
7559.414171600001
55516.156510409994
94538.67794549002
92805.21645427002
110315.29208226998
136188.81329695997
90950.19649917999
112614.58525642997
145995.61900173
142031.61474067
154635.69244747
164491.92658067
169850.826308
146631.33277119996
164785.12345993
192423.75238525998
198613.50049107
205498.7364268
168758.69653072
125303.07245017002
100825.01002073998
91831.08084564001
56919.58181690001
106122.26731538998
90855.59934459999
102023.44190628
147129.59687394998
180637.73990753997
238315.2825757
221337.94357499
248556.33985287
228500.94530509
280693.93614032003
285823.35615831
318283.83882044
302902.46073299
292727.20017216995
261255.2036516101
264402.67726243
261320.89818582003
278829.76151161006
254920.5865167
267216.14441202
277334.22097408
300700.17419434007
330852.97752602
292558.63804399
316688.81276835
291860.6760602
320817.78831216996
292065.70542916
238802.71078198
248681.68726979996
209030.39195352
227158.72681286998
196157.59742869998
215352.73573809
165381.02674668998
135017.33010949998
162162.51649605
186533.45301940996
147611.59823717995
172740.93668920995
181477.28787568997
165869.27674032998
159834.17458241998
170950.68494345993
188800.81048262992
144912.83425439996
139688.17860908998
130328.85366583
134773.53040069994
87834.05582559996
68155.70086982998
55920.297167059965
27360.898419839956
6961.704105409961
45058.21863383999
57388.240138239984
76184.79452845997
62606.58063100997
101397.65169516997
84569.38595946999
68406.51568566998
37004.91701373997
20699.050921799993
22661.049849259995
45912.187210099975
44897.59519075998
93191.97761436999
54738.77485772997
58135.03458319998
23574.57869700998
25432.248196199987
19935.027044009996
-5791.393962620031
-6942.231664450046
-5520.1482941400245
38320.79589773997
43726.16268103996
39190.24259939998
15834.233966449967
15295.823882849967
28085.61060364997
-13475.444328510033
-8232.670603120016
-6109.036000050022
-6638.2040588400305
-38936.35105043002
-91020.63146045002
-101163.11633152004
-52795.97060039002
-53294.876102370006
-50961.661281510016
-77398.69425236
-85508.78892592
-95998.39027025002
-107505.45514695003
-103920.70429854005
-63277.03447502003
-34250.64414316999
-6421.571335090008
-20489.63963329998
-10170.753715759965
7037.705925739996
-21281.076519780036
-20597.96273873002
-23578.56553563002
-48172.29289578999
-36757.06064804002
-67960.80226223
-42497.087355330026
-42550.16707700002
-57889.546681620006
-61766.813468179986
-27658.459151780015
14859.793976169985
23295.606901459978
24515.323774769957
6879.280355099983
27069.87931239998
62843.61021043999
82740.44797073996
101039.44161956996
112516.62468701995
112835.01567218997
111801.39151199997
113810.44689614998
145314.17426076997
126152.98213694998
157410.11352121996
200365.68802924998
190957.66330246
191422.97265823997
146728.64215678998
135651.02340883002
142529.88130731005
193488.30221571005
230096.76585325005
213184.52227809004
220331.36706591005
232673.02036216005
222740.31270768007
238879.08907476004
237939.21090516
195364.12101888005
147859.36273991005
149010.59038824998
204330.99179106
165089.53254984002
195962.62737393004
246344.0490745
287920.48625659
315046.16309810005
328191.24390175
334454.44137241994
335805.53620959
292386.25024633005
265148.59923685004
263537.5845257
263232.51386715006
237211.95154348004
206094.64871902
203316.24033682994
253253.64693397997
224254.43174020003
220267.24847364004
226513.37354465004
227401.38535358003
165709.23487433
210409.11620018003
227728.89499766
250727.46004825004
260234.86431545
244341.98481468
270570.70640078007
306108.56350989005
268754.64237988996
242198.41232133002
201621.15648366997
244805.41816059
239308.11355537
221863.10599311
217737.3310419
276495.45152937004
244779.61381842004
283062.05995161005
235016.96903415004
265420.20320391003
323966.43593579007
282452.33337260014
278507.41800823
253933.78536419003
215598.56176111003
230863.62219476004
219461.47848391003
208240.03492503005
196217.93485742004
184546.95825603005
193534.73271861003
176381.23956969005
162362.66671350997
202768.67676271
165499.91422004
165864.88285539
147574.54551618005
115339.61332588003
118619.75614191001
105194.97165481004
77587.55652766004
99044.30847534002
71461.03101978003
63199.12969438002
73543.41229008003
86079.93372754002
69379.14548672001
59650.29575876003
68388.15653560002
42237.22713755001
57744.57301668003
48715.19983220003
47438.05975140002
54008.84229164001
54947.215603130026
30886.649316300023
48347.90268719
44230.307919499974
26669.27101192999
-17729.951816200002
9568.678693079964
12839.389110519951
-30791.732816090043
-73358.17905225005
-80786.35279595005
-83079.91882168007
-43586.99783999004
-101848.78577227003
-152439.41948405004
-175659.06391941005
-176221.65665754004
-171303.56721138002
-182149.44499101004
-210983.92811647002
-199951.96186544
-175209.68068153
-137818.67081870002
-139917.54730411002
-160313.48696257002
-216182.85557355997
-179463.35981044
-203835.09059568995
-229052.99124886998
-273262.22446189
-283232.18808644003
-322502.62277204
-318018.60869279003
-280804.96939718
-259046.46846051997
-227294.93984192002
-233971.78539386005
-255230.87900403002
-230023.11343048
-237848.47726709
-179392.98962447006
-206730.51218447005
-197603.02755864002
-188347.03464201005
-186668.56160830005
-162691.55651724
-144090.08689659002
-174351.74358319998
-153906.70511428
-187311.02857146
-150125.37100414
-145037.73088288005
-155019.87193511007
-177519.73167191003
-134896.49906732002
-147447.79918570005
-115449.33643245001
-154578.04044741008
-158840.67111017005
-182161.27409165
-152477.43184092004
-164221.26712838
-142100.17376345
-138091.76141818
-123490.31798651001
-113526.75837450007
-123264.32461639002
-93560.90937973004
-86515.01059706
-54331.496403679994
-46262.11482194001
-60312.66068818993
-66524.92983594995
-58400.77341919999
-40311.02283900997
-21251.548838739942
-73104.86436938995
-58621.43242042997
-90826.10333769995
-100116.33420892
-65195.624094269995
-99689.48955839998
-75592.93896757998
-43723.49541008002
-56674.44385715001
-23139.29464414997
7185.056846300002
-33352.49483700002
-34993.724666619986
-73027.61151126996
-102669.33191327995
-122191.58529341995
-147176.24011444996
-136586.17370206997
-177351.95148303997
-156710.22544601993
-195222.17854190996
-221012.88243281993
-257879.03833872988
-301688.19632731995
-302182.56373435
-272420.25901501
-302477.71410738997
-266674.6639787299
-259408.35347070996
-242565.98708409994
-247070.85318005993
-269889.8749151899
-267849.58270914
-227611.12585775
-199065.32822013999
-212327.17598161005
-250404.70106892005
-206656.38873721
-184106.79892995
-162385.29914992003
-148029.08068343005
-156618.28539513005
-129795.62085586003
-129536.20280641003
-125204.75998577003
-124924.18766784003
-109753.31790300005
-51580.589145580016
-36332.795158830006
-13186.53564867
-38453.212173689986
-54396.34732143997
-41987.12003261998
-35813.03212672001
-24310.307050300005
2421.868384770026
-45.091526620004515
19852.78684401999
27064.96359143001
-12985.198758179971
-10689.92842012997
15529.719041030028
-32255.383995799977
-3689.0228927599524
-60271.748390599954
-28092.841695429957
-5927.7714901999625
-14602.394341279967
-49263.49118189996
-51414.07164153996
-28899.03407833996
-39300.73319647998
-98031.85258667998
-98339.61280864998
-103348.55922205998
-74951.02297652997
-103653.48621119998
-81127.68003151997
-81602.22644276997
-68445.13556149
-64415.82235884998
-71677.60257427
-52463.167058549996
-7968.712838440013
-38693.29134419002
-84460.04529837001
-79299.75514992
-106247.74143713001
-84018.82701628003
-113391.13082462002
-130144.59218282002
-119653.48481513002
-121798.73832489003
-149720.94838466
-140526.93593647002
-89751.07741208003
-59465.82250233005
-56327.10810516005
-68258.19907111005
-87324.86237183005
-65214.972169510045
-108206.95843345003
-46806.37644297001
-27673.13933817004
-29171.133757580053
14216.166429649966
12986.546272149993
-4347.359879800006
-2451.6351850400206
-14861.236974010024
-57284.92292093
-20826.201728690015
-36031.64815221004
-4963.630944990034
27648.00212684997
1777.3882212499666
30971.014893209944
16085.284700219947
64194.37430456998
39143.357793179974
64872.134000929946
111736.82237146994
130680.28531788992
142096.40921813995
93063.93720339991
82409.85319720993
63039.252322459935
41270.867552599935
33197.69186642993
66037.39773628995
79931.91143017996
55420.61998361994
75973.60198203995
39873.09254593996
9601.886613419967
66142.81816478996
72115.26042193994
63605.74681972996
49097.00325488999
25477.314150669972
-32035.249438090035
-21937.53956767002
-62385.767010620024
-56702.01447666003
-94346.86062564002
-87343.04281985003
-92218.41009618003
-101639.97277672007
-93405.44064871006
-79117.08309873009
-88906.76399617005
-76155.20534012004
-119401.12951617007
-126908.67783075006
-178898.23904389006
-213696.93006108006
-203440.65906137007
-217712.92767573005
-231171.76397899003
-212700.53506095
-233085.19814319003
-252175.74797554003
-252220.39270025003
-279883.64934878
-275014.57548506
-327380.18245559
-314251.32928763994
-296719.3812175999
-286597.44058595994
-262348.78477706
-261206.77190015998
-216318.62049287002
-168441.59228156004
-158730.91525893004
-177625.98847596004
-196846.33231493
-175913.77625415003
-166824.84251317004
-213964.38642379
-222711.28977123002
-208562.23968410003
-162150.02455049002
-196146.67422473
-211636.13442893
-198418.17843976006
-191641.88545293003
-177642.99985604998
-185260.21057118004
-203317.43224771
-204901.43549100996
-196890.69214551998
-187116.51457497996
-194684.95967032
-175558.10584325003
-138885.20998596994
-173003.15423023
-166424.95482947
-197764.46331963997
-150851.40858124997
-122312.23894924998
-108492.69275327999
-65093.44196446001
-77806.85656496
-137626.24489943997
-163580.01355485
-195153.39551727
-176263.87607621
-148405.32231369
-138928.08751368
-138648.51884478002
-93919.07624082999
-127979.09389812996
-89210.95979199998
-126368.29140714998
-160896.59924940998
-152378.22363597
-196154.50364622002
-187220.74326961004
-221507.63970213002
-193892.52694352999
-182723.37001604002
-190198.98931044005
-192739.66450468005
-167072.43596649
-174767.45770524003
-207711.36952465004
-182026.5934002
-139509.92963646998
-153225.32401198
-145932.12428470002
-166395.97241656005
-122855.40877243
-131519.19231359998
-120364.12555429
-125790.72141631001
-157819.45464725
-165734.91893169997
-184558.92523835
-162665.06836610002
-155000.97880209
-145180.01352587
-180823.79215401004
-147456.40835900002
-142445.07580557
-134440.24585912
-138275.36097537001
-141833.80859085
-137918.55589982998
-139343.59284596
-131958.68642385004
-102778.28201955001
