7.522516546093482859e-06
7.522516546093482859e-06
1.824166907998803211e-06
7.522516546093482859e-06
1.824166907998803211e-06
7.522516546093482859e-06
2.436964697502541632e-05
7.522516546093482859e-06
1.824166907998803211e-06
7.522516546093482859e-06
1.824166907998803211e-06
7.522516546093482859e-06
7.522516546093482859e-06
1.824166907998803211e-06
7.522516546093482859e-06
7.522516546093482859e-06
1.824166907998803211e-06
7.522516546093482859e-06
1.824166907998803211e-06
7.522516546093482859e-06
1.824166907998803211e-06
7.522516546093482859e-06
1.824166907998803211e-06
7.522516546093482859e-06
1.824166907998803211e-06
7.522516546093482859e-06
1.824166907998803211e-06
7.522516546093482859e-06
1.824166907998803211e-06
7.522516546093482859e-06
1.824166907998803211e-06
7.522516546093482859e-06
1.824166907998803211e-06
7.522516546093482859e-06
1.824166907998803211e-06
7.522516546093482859e-06
1.824166907998803211e-06
7.522516546093482859e-06
1.824166907998803211e-06
7.522516546093482859e-06
1.824166907998803211e-06
7.522516546093482859e-06
2.436964697502541632e-05
7.522516546093482859e-06
1.824166907998803211e-06
7.522516546093482859e-06
1.824166907998803211e-06
7.522516546093482859e-06
1.824166907998803211e-06
7.522516546093482859e-06
1.824166907998803211e-06
7.522516546093482859e-06
1.824166907998803211e-06
7.522516546093482859e-06
1.824166907998803211e-06
7.522516546093482859e-06
1.824166907998803211e-06
7.522516546093482859e-06
1.824166907998803211e-06
7.522516546093482859e-06
1.824166907998803211e-06
